1 1 1 1 1 1 1 1 1 1 1 1 1 1 1 1
1 1 1 1 1 1 1 1 1 1 1 1 1 1 1 1
1 1 1 1 1 1 1 1 1 1 1 1 1 1 1 1
1 1 1 1 1 1 1 1 1 1 1 1 1 1 1 1
1 1 1 1 1 1 1 1 1 1 1 1 1 1 1 1
1 1 1 1 1 1 1 1 1 1 1 1 1 1 1 1
1 1 1 1 1 1 1 1 1 1 1 1 1 1 1 1
1 1 1 1 1 1 1 1 1 1 1 1 1 1 1 1
1 1 1 1 1 1 1 1 1 1 1 1 1 1 1 1
1 1 1 1 1 1 1 1 1 1 1 1 1 1 1 1
1 1 1 1 1 1 1 1 1 1 1 1 1 1 1 1

- - - - - - A B - - - - - - - tr
4 4 4 4 4 4 C D 4 4 4 4 4 4 / .|
0 0 0 0 0 0 0 0 0 0 0 0 0 0 4 .|
0 0 0 0 0 0 0 0 0 0 0 0 0 0 4 .|
0 0 0 0 0 0 0 0 0 0 0 0 0 0 4 .|
0 0 0 0 0 0 0 0 0 0 0 0 0 0 4 .|
0 0 0 0 0 0 0 0 0 0 0 0 0 0 4 .|
0 0 0 0 0 0 0 0 0 0 3 3 3 3 3 3
0 0 0 0 0 0 0 0 0 0 3 3 3 3 3 3
4 4 4 4 4 4 4 4 4 4 4 4 4 4 \ .|
_ _ _ _ _ _ _ _ _ _ _ _ _ _ _ br